function physical_network = topology()

sat_bw = 1;
terr_bw = 1;
nodes = 29;
satellites = 20;
gw = 9;

%remember that for each gateway (here from 1 to 9) in reality, they go from
%21 to 29 because the first 20 nodes of the network are the satellites.
connection{1,1} = [3, 11, 12, 16, 5, 2,17];
connection{2,1} = [3, 5, 11, 12, 14, 16, 2,17];
connection{3,1} = [3, 5, 12, 14, 16,17];
connection{4,1} = [3, 9, 12, 14, 16,17,18];
connection{5,1} = [3, 9, 14, 16,17,18];
connection{6,1} = [3, 8, 9, 14, 16,17,18];
connection{7,1} = [3, 4, 8, 9, 14,17,18,20];
connection{8,1} = [3, 4, 8, 9, 14,17,18,20];
connection{9,1} = [4, 8, 9, 14, 15,18,20];
connection{10,1} = [1, 4, 8, 9, 14, 15,18,19,20];
connection{11,1} = [1, 4, 8, 9, 15,18,19,20];
connection{12,1} = [1, 4, 8, 10, 15,19,20];
connection{13,1} = [1, 4, 8, 15,19,20];
connection{14,1} = [1, 4, 6, 10, 15,19,20];
connection{15,1} = [1, 6, 10, 13, 15,19];
connection{16,1} = [1, 6, 10, 13, 15,19];
connection{17,1} = [1, 6, 7, 10, 13,19];
connection{18,1} = [1, 2, 6, 7, 10, 11, 13];
connection{19,1} = [2, 6, 7, 10, 11, 13];
connection{20,1} = [2, 5, 6, 7, 11, 13];
connection{21,1} = [2, 5, 6, 7, 11, 13];
connection{22,1} = [2, 5, 7, 11, 12, 13];
connection{23,1} = [2, 5, 7, 11, 12, 13, 16];
connection{24,1} = [2, 5, 7, 11, 12, 16];

connection{1,2} = [2, 5, 7, 11, 12, 13];
connection{2,2} = [2, 5, 7, 11, 12, 13];
connection{3,2} = [2, 5, 7, 11, 12, 16];
connection{4,2} = [2, 5, 7, 11, 12, 16];
connection{5,2} = [2, 3, 5, 11, 12, 16,17];
connection{6,2} = [3, 5, 11, 12, 16,17];
connection{7,2} = [3, 5, 12, 14, 16,17];
connection{8,2} = [3, 9, 12, 14, 16,17,18];
connection{9,2} = [3, 9, 12, 14, 16,17,18];
connection{10,2} = [3, 8, 9, 14, 16,17,18];
connection{11,2} = [3, 4, 8, 9, 14,17,18,20];
connection{12,2} = [3, 4, 8, 9, 14,17,18,20];
connection{13,2} = [4, 8, 9, 14, 15,18,20];
connection{14,2} = [4, 8, 9, 14, 15,18,20];
connection{15,2} = [1, 4, 8, 9, 10, 15,18,19,20];
connection{16,2} = [1, 4, 8, 10, 15,19,20];
connection{17,2} = [1, 4, 6, 8, 10, 15,19,20];
connection{18,2} = [1, 4, 6, 10, 15,19,20];
connection{19,2} = [1, 6, 10, 13, 15,19];
connection{20,2} = [1, 6, 10, 13, 15,19];
connection{21,2} = [1, 6, 7, 10, 13,19];
connection{22,2} = [1, 2, 6, 7, 10, 13,19];
connection{23,2} = [2, 6, 7, 10, 11, 13];
connection{24,2} = [2, 5, 6, 7, 11, 13];

connection{1,3} = [2, 5, 6, 7, 11, 13];
connection{2,3} = [2, 5, 6, 7, 11, 13];
connection{3,3} = [2, 5, 7, 11, 12, 13];
connection{4,3} = [2, 5, 7, 11, 12, 13];
connection{5,3} = [2, 5, 7, 11, 12, 16];
connection{6,3} = [2, 3, 5, 11, 12, 16,17];
connection{7,3} = [2, 3, 5, 11, 12, 16,17];
connection{8,3} = [3, 5, 12, 14, 16,17];
connection{9,3} = [3, 9, 12, 14, 16,17];
connection{10,3} = [3, 9, 12, 14, 16,17];
connection{11,3} = [3, 8, 9, 14, 16,17];
connection{12,3} = [3, 8, 9, 14, 16,17,18];
connection{13,3} = [3, 4, 8, 9, 14,17,18,20];
connection{14,3} = [4, 8, 9, 14, 15,18,20];
connection{15,3} = [4, 8, 9, 14, 15,18,20];
connection{16,3} = [1, 4, 8, 9, 15,18,19,20];
connection{17,3} = [1, 4, 8, 10, 15,19,20];
connection{18,3} = [1, 4, 8, 10, 15,19,20];
connection{19,3} = [1, 4, 6, 10, 15,19,20];
connection{20,3} = [1, 4, 6, 10, 15,19,20];
connection{21,3} = [1, 6, 10, 13, 15,19];
connection{22,3} = [1, 6, 7, 10, 13, 19];
connection{23,3} = [1, 6, 7, 10, 13, 19];
connection{24,3} = [2, 6, 7, 10, 11, 13];


connection{1,4} = [1, 6, 7, 10, 13,19];
connection{2,4} = [2, 6, 7, 10, 11, 13];
connection{3,4} = [2, 6, 7, 10, 11, 13];
connection{4,4} = [2, 5, 6, 7, 11, 13];
connection{5,4} = [2, 5, 7, 11, 12, 13];
connection{6,4} = [2, 5, 7, 11, 12, 13];
connection{7,4} = [2, 5, 7, 11, 12, 16];
connection{8,4} = [2, 3, 5, 11, 12, 16,17];
connection{9,4} = [2, 3, 5, 11, 12, 16,17];
connection{10,4} = [3, 5, 12, 14, 16,17];
connection{11,4} = [3, 5, 12, 14, 16,17];
connection{12,4} = [3, 9, 12, 14, 16,17,18];
connection{13,4} = [3, 8, 9, 14, 16,17,18];
connection{14,4} = [3, 8, 9, 14, 16,17,18];
connection{15,4} = [3, 4, 8, 9, 14,17,18,20];
connection{16,4} = [4, 8, 9, 14,18,20];
connection{17,4} = [4, 8, 9, 14, 15,18,20];
connection{18,4} = [1, 4, 8, 9, 15,18,19,20];
connection{19,4} = [1, 4, 8, 9, 15,18,19,20];
connection{20,4} = [1, 4, 8, 10, 15,19,20];
connection{21,4} = [1, 4, 6, 10, 15,19,20];
connection{22,4} = [1, 4, 6, 10, 15,19,20];
connection{23,4} = [1, 6, 10, 13, 15,19];
connection{24,4} = [1, 6, 7, 10, 13, 15,19];

connection{1,5} = [1, 6, 10, 13, 15,19];
connection{2,5} = [1, 6, 10, 13, 15,19];
connection{3,5} = [1, 6, 7, 10, 13,19];
connection{4,5} = [2, 6, 7, 10, 11, 13];
connection{5,5} = [2, 6, 7, 10, 11, 13];
connection{6,5} = [2, 5, 6, 7, 11, 13];
connection{7,5} = [2, 5, 7, 11, 12, 13];
connection{8,5} = [2, 5, 7, 11, 12, 13];
connection{9,5} = [2, 5, 7, 11, 12, 16];
connection{10,5} = [2, 5, 7, 11, 12, 16];
connection{11,5} = [2, 3, 5, 11, 12, 14, 16,17];
connection{12,5} = [3, 5, 12, 14, 16,17];
connection{13,5} = [3, 5, 12, 14, 16,17];
connection{14,5} = [3, 9, 12, 14, 16,17,18];
connection{15,5} = [3, 8, 9, 14, 16,17,18];
connection{16,5} = [3, 8, 9, 14, 16,17,18];
connection{17,5} = [3, 4, 8, 9, 14,17,18,20];
connection{18,5} = [3, 4, 8, 9, 14,17,18,20];
connection{19,5} = [4, 8, 9, 14, 15,18,20];
connection{20,5} = [4, 8, 9, 15,18,19,20];
connection{21,5} = [1, 4, 8, 9, 15,18,19,20];
connection{22,5} = [1, 4, 8, 10, 15,19,20];
connection{23,5} = [1, 4, 6, 10, 15,19,20];
connection{24,5} = [1, 4, 6, 10, 15,19,20];

connection{1,6} = [1, 4, 6, 10, 15,19,20];
connection{2,6} = [1, 4, 6, 10, 15,19,20];
connection{3,6} = [1, 6, 10, 13, 15,19];
connection{4,6} = [1, 6, 10, 13, 15,19];
connection{5,6} = [1, 6, 7, 10, 13,19];
connection{6,6} = [1, 6, 7, 10, 11, 13];
connection{7,6} = [2, 6, 7, 10, 11, 13];
connection{8,6} = [2, 5, 6, 7, 11, 13];
connection{9,6} = [2, 5, 7, 11, 13];
connection{10,6} = [2, 5, 7, 11, 12, 13];
connection{11,6} = [2, 5, 7, 11, 12, 16];
connection{12,6} = [2, 5, 7, 11, 12, 16];
connection{13,6} = [2, 3, 5, 11, 12, 16,17];
connection{14,6} = [2, 3, 5, 12, 14, 16,17];
connection{15,6} = [3, 5, 12, 14, 16,17];
connection{16,6} = [3, 9, 12, 14, 16,17,18];
connection{17,6} = [3, 8, 9, 12, 14, 16,17,18];
connection{18,6} = [3, 8, 9, 14, 16,17,18];
connection{19,6} = [3, 4, 8, 9, 14,17,18,20];
connection{20,6} = [3, 4, 8, 9, 14,17,18,20];
connection{21,6} = [4, 8, 9, 14, 15,18,20];
connection{22,6} = [4, 8, 9, 15,18,19,20];
connection{23,6} = [1, 4, 8, 9, 15,18,19,20];
connection{24,6} = [1, 4, 8, 10, 15,19,20];

connection{1,7} = [4, 8, 9, 15,18,19,20];
connection{2,7} = [1, 4, 8, 9, 15,18,19,20];
connection{3,7} = [1, 4, 8, 10, 15,19,20];
connection{4,7} = [1, 4, 6, 8, 10, 15,19,20];
connection{5,7} = [1, 4, 6, 10, 15,19,20];
connection{6,7} = [1, 6, 10, 13, 15,19];
connection{7,7} = [1, 6, 10, 13, 15,19];
connection{8,7} = [1, 6, 7, 10, 13,19];
connection{9,7} = [1, 2, 6, 7, 10, 11, 13];
connection{10,7} = [2, 6, 7, 10, 11, 13];
connection{11,7} = [2, 5, 6, 7, 11, 13];
connection{12,7} = [2, 5, 7, 11, 13];
connection{13,7} = [2, 5, 7, 11, 12, 13];
connection{14,7} = [2, 5, 7, 11, 12, 16];
connection{15,7} = [2, 5, 7, 11, 12, 16];
connection{16,7} = [2, 3, 5, 11, 12, 16,17];
connection{17,7} = [3, 5, 12, 14, 16,17];
connection{18,7} = [3, 5, 12, 14, 16,17];
connection{19,7} = [3, 9, 12, 14, 16,17,18];
connection{20,7} = [3, 9, 12, 14, 16,17,18];
connection{21,7} = [3, 8, 9, 14, 16,17,18];
connection{22,7} = [3, 4, 8, 9, 14,17,18,20];
connection{23,7} = [3, 4, 8, 9, 14,17,18,20];
connection{24,7} = [4, 8, 9, 14, 15,18,20];

connection{1,8} = [3, 4, 8, 9, 14,17,18,20];
connection{2,8} = [3, 4, 8, 9, 14,17,18,20];
connection{3,8} = [4, 8, 9, 14, 15,18,20];
connection{4,8} = [4, 8, 9, 14, 15,18,20];
connection{5,8} = [1, 4, 8, 9, 15,18,19,20];
connection{6,8} = [1, 4, 8, 10, 15,19,20];
connection{7,8} = [1, 4, 8, 10, 15,19,20];
connection{8,8} = [1, 4, 6, 10, 15,19,20];
connection{9,8} = [1, 6, 10, 13, 15,19];
connection{10,8} = [1, 6, 10, 13, 15,19];
connection{11,8} = [1, 6, 7, 10, 13,19];
